n = 990853953648382437503731888872568785013804329239290721076418541795771569507440261620612308640652961121590348037236708702361580700250705591203587939980126323233833431892076634892318387020242015741789265095380967467201291693288654956012435416445991341222221539511583706970342630678909437274145759598920314784293470918464283814408418704426938549136143925649863711450268227592032494660523680280136089617838412326902639568680941504799777445608524961048789627301462833
c = 312168688094168684887530746663711142224819184527420449851136749248641895825646649162310024737395663075921549510262779965673286770730468773215063305158197748549937395602308558217528064655976647148323981103647078862713773074121667862786737690376212246588956833193632937835958166526006128435536115531865213269197137648990987207140262543956087199861542889002996727146832659889656384027201202873352819689303456895088190857667281342371263570535523695457095802010885279
x = (9.93659400123277470926327676478883140697376509010297766512845139881487348637477791719517951397052010880811619509960535668814993293095146708957649613776125686226138447162258666762024346093786649228730054881453449071976210130217897905782845690384638460560301964009359233596889465133986468021963885911072779457835979983964294586954038412718305000570678333513135467257498071686562749882446495426493483289204e230, -1.20540611958254673086539287012513674064476659427085664430224592760592531301348857885707154893714440960111029743010026152632150988429192286517249118913535366887447596463819555191858702861383725310592687577510708180057642425944345656558038998574368521689142109798891989865473206201635908814994474491537093810680632691594902962470061189337645818851446622588020765058461348047229165216450857822980873846637e230)
y = (9.02899744041999015549480362358897037217795303901085937071039171882835297563545959015336648016772002396355451308252077767567617065937943765701645833054147976124287566465577491039263554806622908070370269238064956822205986576949383035741108310668397305286076364909407660314991847716094610949669608550117248147017329449889127749721988228613503029640191269319151291514601769696635252288607881829734506023770e191, 2.82245306887391321716872765000993510002376761684498801971981175059452895101888694909625866715259620501905532121092041448909218372087306882364769769589919830746245167403566884491547911250261820661981772195356239940907493773024918284094309809964348965190219508641693641202225028173892050377939993484981988687903270349415531065381420872722271855270893103191849754016799925873189392548972340802542077635974e192)
